#query	/work/03137/kyclark/martintay/fasta/1487M_150624Tho_D15_2973_1.fa	/work/03137/kyclark/martintay/fasta/1487M_150624Tho_D15_2973_2.fa	/work/03137/kyclark/martintay/fasta/1487M_150624Tho_D15_2981_1.fa	/work/03137/kyclark/martintay/fasta/1487M_150624Tho_D15_2981_2.fa	/work/03137/kyclark/martintay/fasta/1487M_150624Tho_D15_2989_1.fa	/work/03137/kyclark/martintay/fasta/1487M_150624Tho_D15_2989_2.fa	/work/03137/kyclark/martintay/fasta/1487M_150624Tho_D15_2997_1.fa	/work/03137/kyclark/martintay/fasta/1487M_150624Tho_D15_2997_2.fa	/work/03137/kyclark/martintay/fasta/1487M_150624Tho_D15_3005_1.fa	/work/03137/kyclark/martintay/fasta/1487M_150624Tho_D15_3005_2.fa	/work/03137/kyclark/martintay/fasta/150424Tho_D15_2973_1.fa	/work/03137/kyclark/martintay/fasta/150424Tho_D15_2973_2.fa	/work/03137/kyclark/martintay/fasta/150424Tho_D15_2974_1.fa	/work/03137/kyclark/martintay/fasta/150424Tho_D15_2974_2.fa	/work/03137/kyclark/martintay/fasta/150424Tho_D15_2975_1.fa	/work/03137/kyclark/martintay/fasta/150424Tho_D15_2975_2.fa	/work/03137/kyclark/martintay/fasta/150424Tho_D15_2976_1.fa	/work/03137/kyclark/martintay/fasta/150424Tho_D15_2976_2.fa	/work/03137/kyclark/martintay/fasta/150424Tho_D15_2977_1.fa	/work/03137/kyclark/martintay/fasta/150424Tho_D15_2977_2.fa	/work/03137/kyclark/martintay/fasta/150424Tho_D15_2978_1.fa	/work/03137/kyclark/martintay/fasta/150424Tho_D15_2978_2.fa	/work/03137/kyclark/martintay/fasta/150424Tho_D15_2979_1.fa	/work/03137/kyclark/martintay/fasta/150424Tho_D15_2979_2.fa	/work/03137/kyclark/martintay/fasta/150424Tho_D15_2980_1.fa	/work/03137/kyclark/martintay/fasta/150424Tho_D15_2980_2.fa	/work/03137/kyclark/martintay/fasta/150424Tho_D15_2981_1.fa	/work/03137/kyclark/martintay/fasta/150424Tho_D15_2981_2.fa	/work/03137/kyclark/martintay/fasta/150424Tho_D15_2982_1.fa	/work/03137/kyclark/martintay/fasta/150424Tho_D15_2982_2.fa	/work/03137/kyclark/martintay/fasta/150424Tho_D15_2983_1.fa	/work/03137/kyclark/martintay/fasta/150424Tho_D15_2983_2.fa	/work/03137/kyclark/martintay/fasta/150424Tho_D15_2984_1.fa	/work/03137/kyclark/martintay/fasta/150424Tho_D15_2984_2.fa	/work/03137/kyclark/martintay/fasta/150424Tho_D15_2985_1.fa	/work/03137/kyclark/martintay/fasta/150424Tho_D15_2985_2.fa	/work/03137/kyclark/martintay/fasta/150424Tho_D15_2986_1.fa	/work/03137/kyclark/martintay/fasta/150424Tho_D15_2986_2.fa	/work/03137/kyclark/martintay/fasta/150424Tho_D15_2987_1.fa	/work/03137/kyclark/martintay/fasta/150424Tho_D15_2987_2.fa	/work/03137/kyclark/martintay/fasta/150424Tho_D15_2988_1.fa	/work/03137/kyclark/martintay/fasta/150424Tho_D15_2988_2.fa	/work/03137/kyclark/martintay/fasta/150424Tho_D15_2989_1.fa	/work/03137/kyclark/martintay/fasta/150424Tho_D15_2989_2.fa	/work/03137/kyclark/martintay/fasta/150424Tho_D15_2990_1.fa	/work/03137/kyclark/martintay/fasta/150424Tho_D15_2990_2.fa	/work/03137/kyclark/martintay/fasta/150424Tho_D15_2991_1.fa	/work/03137/kyclark/martintay/fasta/150424Tho_D15_2991_2.fa	/work/03137/kyclark/martintay/fasta/150424Tho_D15_2992_1.fa	/work/03137/kyclark/martintay/fasta/150424Tho_D15_2992_2.fa	/work/03137/kyclark/martintay/fasta/150424Tho_D15_2993_1.fa	/work/03137/kyclark/martintay/fasta/150424Tho_D15_2993_2.fa	/work/03137/kyclark/martintay/fasta/150424Tho_D15_2994_1.fa	/work/03137/kyclark/martintay/fasta/150424Tho_D15_2994_2.fa	/work/03137/kyclark/martintay/fasta/150424Tho_D15_2995_1.fa	/work/03137/kyclark/martintay/fasta/150424Tho_D15_2995_2.fa	/work/03137/kyclark/martintay/fasta/150424Tho_D15_2996_1.fa	/work/03137/kyclark/martintay/fasta/150424Tho_D15_2996_2.fa	/work/03137/kyclark/martintay/fasta/150424Tho_D15_2997_1.fa	/work/03137/kyclark/martintay/fasta/150424Tho_D15_2997_2.fa	/work/03137/kyclark/martintay/fasta/150424Tho_D15_2998_1.fa	/work/03137/kyclark/martintay/fasta/150424Tho_D15_2998_2.fa	/work/03137/kyclark/martintay/fasta/150424Tho_D15_2999_1.fa	/work/03137/kyclark/martintay/fasta/150424Tho_D15_2999_2.fa	/work/03137/kyclark/martintay/fasta/150424Tho_D15_3000_1.fa	/work/03137/kyclark/martintay/fasta/150424Tho_D15_3000_2.fa	/work/03137/kyclark/martintay/fasta/150424Tho_D15_3001_1.fa	/work/03137/kyclark/martintay/fasta/150424Tho_D15_3001_2.fa	/work/03137/kyclark/martintay/fasta/150424Tho_D15_3002_1.fa	/work/03137/kyclark/martintay/fasta/150424Tho_D15_3002_2.fa	/work/03137/kyclark/martintay/fasta/150424Tho_D15_3003_1.fa	/work/03137/kyclark/martintay/fasta/150424Tho_D15_3003_2.fa	/work/03137/kyclark/martintay/fasta/150424Tho_D15_3004_1.fa	/work/03137/kyclark/martintay/fasta/150424Tho_D15_3004_2.fa	/work/03137/kyclark/martintay/fasta/150424Tho_D15_3005_1.fa	/work/03137/kyclark/martintay/fasta/150424Tho_D15_3005_2.fa	/work/03137/kyclark/martintay/fasta/150424Tho_D15_3006_1.fa	/work/03137/kyclark/martintay/fasta/150424Tho_D15_3006_2.fa	/work/03137/kyclark/martintay/fasta/1545M_150624Tho_D15_2976_1.fa	/work/03137/kyclark/martintay/fasta/1545M_150624Tho_D15_2976_2.fa	/work/03137/kyclark/martintay/fasta/1545M_150624Tho_D15_2984_1.fa	/work/03137/kyclark/martintay/fasta/1545M_150624Tho_D15_2984_2.fa	/work/03137/kyclark/martintay/fasta/1545M_150624Tho_D15_2992_1.fa	/work/03137/kyclark/martintay/fasta/1545M_150624Tho_D15_2992_2.fa	/work/03137/kyclark/martintay/fasta/1545M_150624Tho_D15_3000_1.fa	/work/03137/kyclark/martintay/fasta/1545M_150624Tho_D15_3000_2.fa	/work/03137/kyclark/martintay/fasta/1550P_150624Tho_D15_2976_1.fa	/work/03137/kyclark/martintay/fasta/1550P_150624Tho_D15_2976_2.fa	/work/03137/kyclark/martintay/fasta/1550P_150624Tho_D15_2984_1.fa	/work/03137/kyclark/martintay/fasta/1550P_150624Tho_D15_2984_2.fa	/work/03137/kyclark/martintay/fasta/1550P_150624Tho_D15_2992_1.fa	/work/03137/kyclark/martintay/fasta/1550P_150624Tho_D15_2992_2.fa	/work/03137/kyclark/martintay/fasta/1550P_150624Tho_D15_3000_1.fa	/work/03137/kyclark/martintay/fasta/1550P_150624Tho_D15_3000_2.fa	/work/03137/kyclark/martintay/fasta/1555M_150624Tho_D15_2975_1.fa	/work/03137/kyclark/martintay/fasta/1555M_150624Tho_D15_2975_2.fa	/work/03137/kyclark/martintay/fasta/1555M_150624Tho_D15_2983_1.fa	/work/03137/kyclark/martintay/fasta/1555M_150624Tho_D15_2983_2.fa	/work/03137/kyclark/martintay/fasta/1555M_150624Tho_D15_2991_1.fa	/work/03137/kyclark/martintay/fasta/1555M_150624Tho_D15_2991_2.fa	/work/03137/kyclark/martintay/fasta/1555M_150624Tho_D15_2999_1.fa	/work/03137/kyclark/martintay/fasta/1555M_150624Tho_D15_2999_2.fa	/work/03137/kyclark/martintay/fasta/1564M_150624Tho_D15_2974_1.fa	/work/03137/kyclark/martintay/fasta/1564M_150624Tho_D15_2974_2.fa	/work/03137/kyclark/martintay/fasta/1564M_150624Tho_D15_2982_1.fa	/work/03137/kyclark/martintay/fasta/1564M_150624Tho_D15_2982_2.fa	/work/03137/kyclark/martintay/fasta/1564M_150624Tho_D15_2990_1.fa	/work/03137/kyclark/martintay/fasta/1564M_150624Tho_D15_2990_2.fa	/work/03137/kyclark/martintay/fasta/1564M_150624Tho_D15_2998_1.fa	/work/03137/kyclark/martintay/fasta/1564M_150624Tho_D15_2998_2.fa	/work/03137/kyclark/martintay/fasta/1564M_150624Tho_D15_3006_1.fa	/work/03137/kyclark/martintay/fasta/1564M_150624Tho_D15_3006_2.fa	/work/03137/kyclark/martintay/fasta/1565P_150624Tho_D15_2977_1.fa	/work/03137/kyclark/martintay/fasta/1565P_150624Tho_D15_2977_2.fa	/work/03137/kyclark/martintay/fasta/1565P_150624Tho_D15_2985_1.fa	/work/03137/kyclark/martintay/fasta/1565P_150624Tho_D15_2985_2.fa	/work/03137/kyclark/martintay/fasta/1565P_150624Tho_D15_2993_1.fa	/work/03137/kyclark/martintay/fasta/1565P_150624Tho_D15_2993_2.fa	/work/03137/kyclark/martintay/fasta/1565P_150624Tho_D15_3001_1.fa	/work/03137/kyclark/martintay/fasta/1565P_150624Tho_D15_3001_2.fa	/work/03137/kyclark/martintay/fasta/1580M_150624Tho_D15_2978_1.fa	/work/03137/kyclark/martintay/fasta/1580M_150624Tho_D15_2978_2.fa	/work/03137/kyclark/martintay/fasta/1580M_150624Tho_D15_2986_1.fa	/work/03137/kyclark/martintay/fasta/1580M_150624Tho_D15_2986_2.fa	/work/03137/kyclark/martintay/fasta/1580M_150624Tho_D15_2994_1.fa	/work/03137/kyclark/martintay/fasta/1580M_150624Tho_D15_2994_2.fa	/work/03137/kyclark/martintay/fasta/1580M_150624Tho_D15_3002_1.fa	/work/03137/kyclark/martintay/fasta/1580M_150624Tho_D15_3002_2.fa	/work/03137/kyclark/martintay/fasta/1607P_150624Tho_D15_2979_1.fa	/work/03137/kyclark/martintay/fasta/1607P_150624Tho_D15_2979_2.fa	/work/03137/kyclark/martintay/fasta/1607P_150624Tho_D15_2987_1.fa	/work/03137/kyclark/martintay/fasta/1607P_150624Tho_D15_2987_2.fa
/work/03137/kyclark/martintay/fasta/1487M_150624Tho_D15_2973_1.fa	0	0.0224927	0.102997	0.106047	0.145727	0.145727	0.100846	0.105264	0.132399	0.140258	0.0790711	0.0807479	0.12827	0.124491	0.129604	0.138572	0.138572	0.149777	0.159146	0.164662	0.154223	0.151946	0.219531	0.210897	0.1233	0.124491	0.133864	0.149777	0.191731	0.191731	0.197292	0.197292	0.161822	0.182269	0.197292	0.210897	0.203604	0.197292	0.167688	0.178173	0.13538	0.142009	0.186761	0.186761	0.210897	0.219531	0.174408	0.170926	0.210897	0.197292	0.156619	0.167688	0.142009	0.145727	0.191731	0.186761	0.138572	0.147707	0.108487	0.113823	0.159146	0.164662	0.156619	0.164662	0.147707	0.159146	0.132399	0.140258	0.182269	0.182269	0.186761	0.182269	0.154223	0.161822	0.186761	0.186761	0.161822	0.159146	0.102997	0.110193	0.140258	0.140258	0.151946	0.151946	0.138572	0.149777	0.102268	0.0962153	0.12827	0.125715	0.125715	0.124491	0.115759	0.11676	0.0766828	0.0778587	0.12827	0.126974	0.13538	0.13538	0.11676	0.117785	0.0778587	0.0807479	0.11676	0.11676	0.156619	0.167688	0.109331	0.117785	0.126974	0.12214	0.102997	0.105264	0.126974	0.115759	0.102268	0.105264	0.118834	0.124491	0.100152	0.105264	0.140258	0.13538	0.0909306	0.0903831	0.136948	0.132399	0.145727	0.154223	0.124491	0.125715
/work/03137/kyclark/martintay/fasta/1487M_150624Tho_D15_2973_2.fa	0.0224927	0	0.106047	0.109331	0.14383	0.147707	0.10374	0.100152	0.136948	0.140258	0.0782587	0.0807479	0.125715	0.12101	0.125715	0.132399	0.138572	0.149777	0.151946	0.159146	0.159146	0.154223	0.219531	0.219531	0.12214	0.126974	0.136948	0.14383	0.186761	0.182269	0.178173	0.182269	0.174408	0.182269	0.210897	0.210897	0.210897	0.197292	0.167688	0.174408	0.133864	0.13538	0.186761	0.182269	0.203604	0.210897	0.178173	0.174408	0.186761	0.182269	0.159146	0.170926	0.145727	0.149777	0.174408	0.178173	0.13538	0.142009	0.115759	0.115759	0.145727	0.154223	0.151946	0.159146	0.142009	0.145727	0.133864	0.13538	0.197292	0.197292	0.178173	0.182269	0.159146	0.159146	0.178173	0.186761	0.161822	0.159146	0.106047	0.112887	0.145727	0.149777	0.159146	0.159146	0.14383	0.154223	0.107658	0.101551	0.129604	0.124491	0.130979	0.136948	0.12101	0.119909	0.0762985	0.0778587	0.125715	0.125715	0.145727	0.14383	0.11478	0.11676	0.0829489	0.0852783	0.12214	0.119909	0.164662	0.167688	0.109331	0.113823	0.125715	0.12214	0.102268	0.102997	0.12101	0.11676	0.106047	0.111073	0.118834	0.124491	0.102268	0.105264	0.133864	0.133864	0.0931964	0.0937829	0.12827	0.125715	0.145727	0.149777	0.12101	0.1233
/work/03137/kyclark/martintay/fasta/1487M_150624Tho_D15_2981_1.fa	0.102997	0.106047	0	0.0188053	0.151946	0.164662	0.0631684	0.0626325	0.11478	0.11478	0.125715	0.125715	0.147707	0.14383	0.145727	0.154223	0.167688	0.167688	0.186761	0.186761	0.154223	0.151946	0.219531	0.219531	0.12827	0.124491	0.0653942	0.0690061	0.115759	0.12214	0.156619	0.156619	0.125715	0.129604	0.145727	0.145727	0.140258	0.145727	0.12214	0.119909	0.140258	0.151946	0.186761	0.178173	0.197292	0.210897	0.164662	0.164662	0.129604	0.145727	0.156619	0.178173	0.161822	0.159146	0.197292	0.186761	0.14383	0.147707	0.0618432	0.0680698	0.0862491	0.0898429	0.0903831	0.0887833	0.0843302	0.0838645	0.0662649	0.0693234	0.136948	0.14383	0.156619	0.161822	0.125715	0.133864	0.133864	0.133864	0.138572	0.138572	0.1233	0.125715	0.11676	0.11676	0.126974	0.117785	0.0712856	0.0782587	0.1233	0.119909	0.110193	0.11478	0.11197	0.106047	0.0552118	0.0572108	0.111073	0.111073	0.109331	0.113823	0.1233	0.12827	0.0547827	0.0556462	0.108487	0.11197	0.0974869	0.10374	0.167688	0.156619	0.0554283	0.0574401	0.108487	0.108487	0.126974	0.12827	0.1233	0.115759	0.124491	0.119909	0.056983	0.056983	0.1233	0.125715	0.1233	0.12101	0.1233	0.1233	0.105264	0.106047	0.145727	0.149777	0.111073	0.112887
/work/03137/kyclark/martintay/fasta/1487M_150624Tho_D15_2981_2.fa	0.106047	0.109331	0.0188053	0	0.151946	0.149777	0.0634394	0.0623675	0.107658	0.111073	0.124491	0.12827	0.149777	0.145727	0.147707	0.151946	0.167688	0.170926	0.178173	0.174408	0.149777	0.149777	0.23011	0.219531	0.125715	0.129604	0.0665597	0.0662649	0.12214	0.1233	0.159146	0.156619	0.12101	0.125715	0.132399	0.138572	0.140258	0.142009	0.119909	0.11676	0.13538	0.149777	0.186761	0.174408	0.191731	0.197292	0.154223	0.156619	0.133864	0.145727	0.167688	0.203604	0.164662	0.164662	0.197292	0.186761	0.138572	0.140258	0.064825	0.0719629	0.0848014	0.0882637	0.0920479	0.0943778	0.0887833	0.0862491	0.0674584	0.0693234	0.133864	0.140258	0.156619	0.151946	0.129604	0.132399	0.130979	0.130979	0.13538	0.133864	0.130979	0.132399	0.11197	0.112887	0.12827	0.1233	0.0730018	0.0824989	0.133864	0.126974	0.109331	0.11197	0.11197	0.108487	0.056983	0.0560862	0.117785	0.117785	0.108487	0.109331	0.12214	0.126974	0.0593303	0.0588483	0.118834	0.1233	0.100846	0.102997	0.156619	0.147707	0.0572108	0.0579033	0.106047	0.104495	0.12827	0.12827	0.12101	0.112887	0.124491	0.126974	0.0588483	0.0581372	0.130979	0.13538	0.124491	0.125715	0.126974	0.125715	0.101551	0.10374	0.154223	0.159146	0.118834	0.113823
/work/03137/kyclark/martintay/fasta/1487M_150624Tho_D15_2989_1.fa	0.145727	0.14383	0.151946	0.151946	0	0.0211548	0.138572	0.132399	0.130979	0.138572	0.167688	0.182269	0.170926	0.159146	0.182269	0.178173	0.182269	0.182269	0.182269	0.178173	0.170926	0.164662	0.197292	0.197292	0.167688	0.167688	0.191731	0.197292	0.170926	0.186761	0.210897	0.243761	0.164662	0.174408	0.164662	0.161822	0.167688	0.167688	0.178173	0.186761	0.164662	0.149777	0.11478	0.107658	0.156619	0.159146	0.161822	0.154223	0.191731	0.182269	0.203604	0.219531	0.186761	0.186761	0.186761	0.191731	0.156619	0.170926	0.174408	0.170926	0.197292	0.210897	0.210897	0.23011	0.186761	0.203604	0.159146	0.161822	0.191731	0.197292	0.186761	0.182269	0.154223	0.161822	0.164662	0.161822	0.164662	0.170926	0.136948	0.147707	0.138572	0.151946	0.151946	0.154223	0.174408	0.182269	0.133864	0.133864	0.147707	0.145727	0.140258	0.136948	0.167688	0.170926	0.142009	0.14383	0.12827	0.133864	0.13538	0.138572	0.159146	0.167688	0.14383	0.14383	0.129604	0.136948	0.125715	0.124491	0.140258	0.145727	0.130979	0.132399	0.13538	0.138572	0.142009	0.13538	0.14383	0.151946	0.164662	0.178173	0.12827	0.130979	0.151946	0.138572	0.12214	0.126974	0.13538	0.13538	0.170926	0.170926	0.12827	0.133864
/work/03137/kyclark/martintay/fasta/1487M_150624Tho_D15_2989_2.fa	0.145727	0.147707	0.164662	0.149777	0.0211548	0	0.149777	0.151946	0.133864	0.13538	0.167688	0.167688	0.170926	0.161822	0.203604	0.197292	0.178173	0.182269	0.164662	0.164662	0.167688	0.170926	0.191731	0.191731	0.164662	0.174408	0.174408	0.178173	0.167688	0.182269	0.197292	0.23011	0.149777	0.161822	0.167688	0.167688	0.174408	0.186761	0.170926	0.170926	0.154223	0.149777	0.109331	0.102268	0.151946	0.149777	0.167688	0.159146	0.182269	0.182269	0.186761	0.23011	0.186761	0.191731	0.170926	0.182269	0.154223	0.170926	0.174408	0.170926	0.197292	0.210897	0.186761	0.197292	0.210897	0.219531	0.159146	0.161822	0.191731	0.191731	0.178173	0.174408	0.159146	0.161822	0.161822	0.159146	0.167688	0.164662	0.138572	0.149777	0.140258	0.145727	0.151946	0.156619	0.182269	0.182269	0.140258	0.133864	0.149777	0.147707	0.142009	0.142009	0.174408	0.167688	0.142009	0.142009	0.13538	0.13538	0.140258	0.14383	0.156619	0.159146	0.140258	0.14383	0.125715	0.125715	0.124491	0.125715	0.151946	0.154223	0.13538	0.13538	0.140258	0.142009	0.132399	0.136948	0.147707	0.154223	0.159146	0.167688	0.133864	0.133864	0.142009	0.136948	0.142009	0.140258	0.140258	0.130979	0.159146	0.161822	0.130979	0.140258
/work/03137/kyclark/martintay/fasta/1487M_150624Tho_D15_2997_1.fa	0.100846	0.10374	0.0631684	0.0634394	0.138572	0.149777	0	0.0149234	0.113823	0.112887	0.138572	0.145727	0.147707	0.149777	0.154223	0.167688	0.178173	0.186761	0.210897	0.203604	0.170926	0.167688	0.203604	0.197292	0.129604	0.129604	0.0962153	0.0981375	0.142009	0.145727	0.191731	0.186761	0.130979	0.138572	0.154223	0.164662	0.154223	0.164662	0.1233	0.125715	0.156619	0.149777	0.191731	0.191731	0.23011	0.23011	0.197292	0.186761	0.178173	0.167688	0.178173	0.197292	0.197292	0.186761	0.203604	0.191731	0.151946	0.164662	0.0511448	0.0549966	0.126974	0.125715	0.119909	0.1233	0.12101	0.1233	0.0838645	0.0903831	0.154223	0.159146	0.174408	0.174408	0.133864	0.140258	0.151946	0.147707	0.149777	0.14383	0.13538	0.14383	0.124491	0.12827	0.130979	0.130979	0.0994698	0.105264	0.113823	0.11676	0.0968463	0.100846	0.106845	0.105264	0.0674584	0.0686914	0.100152	0.105264	0.104495	0.108487	0.11676	0.115759	0.0744324	0.0770708	0.0955937	0.0994698	0.0909306	0.0914855	0.164662	0.156619	0.0572108	0.0621044	0.0955937	0.0931964	0.12214	0.1233	0.100846	0.101551	0.11197	0.113823	0.0651085	0.0671564	0.110193	0.1233	0.102997	0.102997	0.11676	0.12101	0.0981375	0.102268	0.145727	0.149777	0.0852783	0.0909306
/work/03137/kyclark/martintay/fasta/1487M_150624Tho_D15_2997_2.fa	0.105264	0.100152	0.0626325	0.0623675	0.132399	0.151946	0.0149234	0	0.115759	0.11478	0.142009	0.145727	0.161822	0.159146	0.161822	0.178173	0.174408	0.182269	0.210897	0.203604	0.178173	0.167688	0.203604	0.203604	0.130979	0.130979	0.0955937	0.0968463	0.147707	0.151946	0.186761	0.186761	0.138572	0.14383	0.164662	0.174408	0.164662	0.174408	0.126974	0.130979	0.161822	0.154223	0.203604	0.197292	0.219531	0.23011	0.197292	0.186761	0.178173	0.167688	0.174408	0.197292	0.186761	0.182269	0.219531	0.197292	0.145727	0.156619	0.0531179	0.057671	0.12827	0.126974	0.119909	0.12101	0.124491	0.126974	0.0852783	0.0903831	0.161822	0.170926	0.170926	0.178173	0.138572	0.142009	0.14383	0.14383	0.156619	0.151946	0.138572	0.142009	0.124491	0.130979	0.130979	0.130979	0.0994698	0.107658	0.11478	0.12101	0.100152	0.104495	0.107658	0.102268	0.0677629	0.0683793	0.0987984	0.105264	0.107658	0.111073	0.117785	0.117785	0.0755413	0.0794837	0.0949813	0.0981375	0.0937829	0.0920479	0.164662	0.156619	0.057671	0.0631684	0.0955937	0.0943778	0.12101	0.12101	0.104495	0.105264	0.110193	0.113823	0.0659724	0.0677629	0.108487	0.11676	0.105264	0.106845	0.110193	0.11478	0.102268	0.105264	0.149777	0.154223	0.0877506	0.0931964
/work/03137/kyclark/martintay/fasta/1487M_150624Tho_D15_3005_1.fa	0.132399	0.136948	0.11478	0.107658	0.130979	0.133864	0.113823	0.115759	0	0.0145592	0.142009	0.154223	0.159146	0.149777	0.164662	0.182269	0.186761	0.191731	0.186761	0.186761	0.174408	0.174408	0.203604	0.191731	0.149777	0.154223	0.12101	0.124491	0.12827	0.126974	0.149777	0.159146	0.113823	0.112887	0.124491	0.119909	0.11676	0.12214	0.0733545	0.0747985	0.132399	0.136948	0.178173	0.167688	0.203604	0.197292	0.147707	0.147707	0.124491	0.130979	0.203604	0.191731	0.154223	0.156619	0.164662	0.167688	0.161822	0.161822	0.11478	0.125715	0.13538	0.14383	0.140258	0.132399	0.129604	0.125715	0.119909	0.124491	0.0872439	0.0949813	0.107658	0.108487	0.0770708	0.0829489	0.0807479	0.0824989	0.0786628	0.0829489	0.129604	0.140258	0.0974869	0.0943778	0.102268	0.101551	0.12827	0.138572	0.133864	0.142009	0.0882637	0.0862491	0.0962153	0.0968463	0.115759	0.11478	0.126974	0.136948	0.0955937	0.100152	0.117785	0.117785	0.106845	0.109331	0.13538	0.136948	0.0926182	0.0974869	0.151946	0.138572	0.109331	0.112887	0.054149	0.0533217	0.132399	0.130979	0.0962153	0.0914855	0.140258	0.149777	0.106845	0.107658	0.14383	0.14383	0.0887833	0.0903831	0.130979	0.130979	0.052714	0.0535266	0.151946	0.154223	0.0634394	0.0579033
/work/03137/kyclark/martintay/fasta/1487M_150624Tho_D15_3005_2.fa	0.140258	0.140258	0.11478	0.111073	0.138572	0.13538	0.112887	0.11478	0.0145592	0	0.147707	0.156619	0.170926	0.161822	0.170926	0.186761	0.191731	0.191731	0.186761	0.191731	0.186761	0.182269	0.210897	0.203604	0.147707	0.156619	0.1233	0.125715	0.125715	0.125715	0.149777	0.156619	0.11197	0.11478	0.1233	0.1233	0.112887	0.117785	0.0716227	0.0740698	0.138572	0.142009	0.182269	0.174408	0.219531	0.219531	0.147707	0.149777	0.119909	0.125715	0.191731	0.186761	0.167688	0.167688	0.178173	0.170926	0.167688	0.164662	0.112887	0.124491	0.132399	0.138572	0.13538	0.126974	0.12827	0.126974	0.11478	0.1233	0.0848014	0.0920479	0.104495	0.105264	0.0782587	0.0838645	0.0799006	0.0824989	0.0786628	0.0816138	0.136948	0.138572	0.0968463	0.100846	0.10374	0.104495	0.129604	0.12827	0.142009	0.151946	0.0898429	0.0903831	0.0962153	0.0968463	0.11676	0.109331	0.132399	0.142009	0.100152	0.105264	0.118834	0.11676	0.112887	0.11478	0.138572	0.142009	0.100152	0.106047	0.149777	0.147707	0.11197	0.105264	0.0567566	0.0565317	0.136948	0.133864	0.0962153	0.0931964	0.138572	0.140258	0.100846	0.104495	0.147707	0.149777	0.0867434	0.0887833	0.140258	0.142009	0.0552118	0.0563082	0.151946	0.154223	0.0639874	0.056983
/work/03137/kyclark/martintay/fasta/150424Tho_D15_2973_1.fa	0.0790711	0.0782587	0.125715	0.124491	0.167688	0.167688	0.138572	0.142009	0.142009	0.147707	0	0.0324062	0.113823	0.105264	0.11676	0.125715	0.126974	0.130979	0.132399	0.140258	0.12827	0.136948	0.178173	0.164662	0.129604	0.129604	0.133864	0.132399	0.164662	0.174408	0.164662	0.178173	0.14383	0.154223	0.147707	0.147707	0.151946	0.161822	0.145727	0.140258	0.118834	0.125715	0.170926	0.161822	0.186761	0.197292	0.147707	0.149777	0.149777	0.164662	0.132399	0.147707	0.133864	0.133864	0.136948	0.140258	0.125715	0.13538	0.1233	0.132399	0.133864	0.142009	0.154223	0.159146	0.140258	0.147707	0.1233	0.140258	0.174408	0.170926	0.159146	0.164662	0.14383	0.149777	0.147707	0.156619	0.13538	0.147707	0.1233	0.12827	0.154223	0.149777	0.140258	0.14383	0.156619	0.149777	0.113823	0.111073	0.154223	0.154223	0.142009	0.142009	0.1233	0.118834	0.113823	0.11478	0.159146	0.164662	0.154223	0.156619	0.132399	0.132399	0.12101	0.117785	0.174408	0.174408	0.170926	0.182269	0.145727	0.142009	0.154223	0.149777	0.109331	0.110193	0.149777	0.145727	0.117785	0.12101	0.126974	0.130979	0.132399	0.132399	0.164662	0.164662	0.12827	0.129604	0.142009	0.14383	0.161822	0.170926	0.149777	0.132399
/work/03137/kyclark/martintay/fasta/150424Tho_D15_2973_2.fa	0.0807479	0.0807479	0.125715	0.12827	0.182269	0.167688	0.145727	0.145727	0.154223	0.156619	0.0324062	0	0.111073	0.106047	0.11478	0.11676	0.12827	0.132399	0.133864	0.13538	0.129604	0.133864	0.174408	0.170926	0.125715	0.12101	0.136948	0.125715	0.167688	0.170926	0.170926	0.174408	0.14383	0.159146	0.154223	0.147707	0.151946	0.151946	0.14383	0.142009	0.129604	0.124491	0.178173	0.14383	0.191731	0.197292	0.164662	0.156619	0.159146	0.167688	0.13538	0.145727	0.13538	0.136948	0.149777	0.142009	0.132399	0.13538	0.133864	0.140258	0.142009	0.142009	0.161822	0.140258	0.142009	0.138572	0.129604	0.13538	0.191731	0.170926	0.159146	0.159146	0.145727	0.149777	0.154223	0.154223	0.14383	0.147707	0.125715	0.12827	0.154223	0.151946	0.147707	0.145727	0.156619	0.154223	0.11676	0.115759	0.149777	0.145727	0.147707	0.154223	0.125715	0.125715	0.11676	0.12101	0.174408	0.174408	0.159146	0.167688	0.133864	0.13538	0.117785	0.119909	0.186761	0.170926	0.178173	0.186761	0.156619	0.151946	0.159146	0.159146	0.12101	0.12214	0.145727	0.149777	0.126974	0.126974	0.126974	0.132399	0.13538	0.138572	0.164662	0.167688	0.140258	0.140258	0.161822	0.154223	0.178173	0.191731	0.142009	0.136948
/work/03137/kyclark/martintay/fasta/150424Tho_D15_2974_1.fa	0.12827	0.125715	0.147707	0.149777	0.170926	0.170926	0.147707	0.161822	0.159146	0.170926	0.113823	0.111073	0	0.0256472	0.106845	0.112887	0.130979	0.136948	0.130979	0.142009	0.136948	0.133864	0.161822	0.170926	0.12101	0.118834	0.159146	0.151946	0.154223	0.159146	0.178173	0.186761	0.151946	0.161822	0.154223	0.149777	0.161822	0.156619	0.147707	0.151946	0.133864	0.138572	0.178173	0.170926	0.210897	0.219531	0.174408	0.197292	0.167688	0.170926	0.132399	0.140258	0.129604	0.136948	0.159146	0.151946	0.129604	0.14383	0.142009	0.147707	0.147707	0.156619	0.156619	0.170926	0.156619	0.164662	0.140258	0.149777	0.174408	0.178173	0.156619	0.167688	0.161822	0.174408	0.154223	0.164662	0.164662	0.174408	0.126974	0.138572	0.170926	0.164662	0.170926	0.182269	0.182269	0.167688	0.119909	0.118834	0.154223	0.159146	0.164662	0.156619	0.136948	0.140258	0.117785	0.119909	0.167688	0.170926	0.191731	0.191731	0.159146	0.154223	0.0893096	0.0903831	0.161822	0.197292	0.203604	0.210897	0.159146	0.156619	0.197292	0.178173	0.129604	0.12827	0.154223	0.154223	0.136948	0.138572	0.14383	0.140258	0.145727	0.145727	0.191731	0.178173	0.145727	0.147707	0.178173	0.167688	0.164662	0.170926	0.151946	0.154223
/work/03137/kyclark/martintay/fasta/150424Tho_D15_2974_2.fa	0.124491	0.12101	0.14383	0.145727	0.159146	0.161822	0.149777	0.159146	0.149777	0.161822	0.105264	0.106047	0.0256472	0	0.109331	0.11197	0.125715	0.126974	0.1233	0.132399	0.136948	0.142009	0.159146	0.161822	0.1233	0.1233	0.147707	0.140258	0.149777	0.149777	0.164662	0.186761	0.145727	0.154223	0.14383	0.147707	0.151946	0.136948	0.138572	0.13538	0.13538	0.13538	0.167688	0.159146	0.191731	0.203604	0.164662	0.170926	0.167688	0.159146	0.129604	0.136948	0.125715	0.1233	0.145727	0.142009	0.12214	0.13538	0.13538	0.142009	0.145727	0.140258	0.161822	0.161822	0.154223	0.147707	0.140258	0.149777	0.167688	0.174408	0.170926	0.167688	0.147707	0.149777	0.151946	0.145727	0.145727	0.151946	0.124491	0.133864	0.161822	0.154223	0.167688	0.174408	0.182269	0.174408	0.115759	0.115759	0.156619	0.167688	0.164662	0.149777	0.140258	0.140258	0.109331	0.111073	0.164662	0.174408	0.191731	0.191731	0.161822	0.151946	0.0867434	0.0882637	0.167688	0.203604	0.197292	0.210897	0.161822	0.170926	0.186761	0.164662	0.12101	0.119909	0.156619	0.154223	0.130979	0.133864	0.14383	0.151946	0.140258	0.142009	0.186761	0.174408	0.13538	0.138572	0.161822	0.156619	0.161822	0.164662	0.151946	0.156619
/work/03137/kyclark/martintay/fasta/150424Tho_D15_2975_1.fa	0.129604	0.125715	0.145727	0.147707	0.182269	0.203604	0.154223	0.161822	0.164662	0.170926	0.11676	0.11478	0.106845	0.109331	0	0.0314775	0.117785	0.124491	0.124491	0.132399	0.130979	0.129604	0.170926	0.170926	0.117785	0.11478	0.149777	0.14383	0.151946	0.149777	0.164662	0.186761	0.164662	0.182269	0.167688	0.167688	0.182269	0.164662	0.156619	0.161822	0.125715	0.130979	0.170926	0.164662	0.210897	0.219531	0.159146	0.174408	0.164662	0.178173	0.12827	0.13538	0.11478	0.12101	0.161822	0.156619	0.1233	0.130979	0.136948	0.154223	0.138572	0.145727	0.149777	0.164662	0.142009	0.145727	0.138572	0.147707	0.174408	0.182269	0.170926	0.182269	0.164662	0.170926	0.145727	0.164662	0.142009	0.159146	0.125715	0.124491	0.178173	0.182269	0.186761	0.170926	0.164662	0.159146	0.115759	0.118834	0.182269	0.178173	0.186761	0.174408	0.132399	0.129604	0.0920479	0.0937829	0.167688	0.164662	0.178173	0.186761	0.145727	0.149777	0.113823	0.115759	0.186761	0.203604	0.243761	0.219531	0.142009	0.13538	0.159146	0.167688	0.1233	0.126974	0.182269	0.170926	0.125715	0.12827	0.138572	0.14383	0.14383	0.151946	0.197292	0.197292	0.145727	0.138572	0.170926	0.167688	0.191731	0.197292	0.167688	0.170926
/work/03137/kyclark/martintay/fasta/150424Tho_D15_2975_2.fa	0.138572	0.132399	0.154223	0.151946	0.178173	0.197292	0.167688	0.178173	0.182269	0.186761	0.125715	0.11676	0.112887	0.11197	0.0314775	0	0.124491	0.12827	0.13538	0.132399	0.12827	0.12214	0.182269	0.167688	0.1233	0.113823	0.154223	0.14383	0.170926	0.154223	0.182269	0.167688	0.159146	0.161822	0.159146	0.154223	0.167688	0.149777	0.159146	0.147707	0.12827	0.130979	0.186761	0.161822	0.203604	0.219531	0.197292	0.156619	0.174408	0.164662	0.138572	0.138572	0.12101	0.11478	0.164662	0.145727	0.12214	0.1233	0.145727	0.156619	0.145727	0.14383	0.164662	0.156619	0.145727	0.145727	0.14383	0.145727	0.197292	0.174408	0.178173	0.164662	0.174408	0.174408	0.161822	0.159146	0.154223	0.167688	0.133864	0.132399	0.186761	0.203604	0.203604	0.182269	0.159146	0.156619	0.1233	0.12101	0.174408	0.164662	0.203604	0.191731	0.136948	0.129604	0.0949813	0.0949813	0.182269	0.178173	0.182269	0.182269	0.147707	0.151946	0.11676	0.118834	0.191731	0.203604	0.243761	0.243761	0.147707	0.138572	0.174408	0.174408	0.129604	0.130979	0.174408	0.164662	0.132399	0.138572	0.14383	0.149777	0.147707	0.151946	0.210897	0.210897	0.151946	0.149777	0.178173	0.191731	0.186761	0.186761	0.174408	0.178173
/work/03137/kyclark/martintay/fasta/150424Tho_D15_2976_1.fa	0.138572	0.138572	0.167688	0.167688	0.182269	0.178173	0.178173	0.174408	0.186761	0.191731	0.126974	0.12827	0.130979	0.125715	0.117785	0.124491	0	0.0299949	0.140258	0.14383	0.1233	0.124491	0.178173	0.174408	0.132399	0.149777	0.164662	0.170926	0.174408	0.186761	0.170926	0.210897	0.167688	0.159146	0.164662	0.178173	0.170926	0.167688	0.164662	0.167688	0.140258	0.145727	0.178173	0.170926	0.191731	0.203604	0.156619	0.154223	0.174408	0.174408	0.0955937	0.112887	0.100152	0.101551	0.159146	0.164662	0.130979	0.138572	0.164662	0.170926	0.164662	0.170926	0.161822	0.164662	0.151946	0.156619	0.167688	0.186761	0.182269	0.178173	0.151946	0.174408	0.159146	0.174408	0.170926	0.182269	0.170926	0.182269	0.0852783	0.0852783	0.182269	0.182269	0.170926	0.178173	0.167688	0.167688	0.0877506	0.0937829	0.219531	0.210897	0.178173	0.174408	0.167688	0.164662	0.126974	0.130979	0.182269	0.182269	0.174408	0.170926	0.182269	0.182269	0.133864	0.132399	0.178173	0.182269	0.210897	0.219531	0.182269	0.154223	0.174408	0.182269	0.132399	0.124491	0.174408	0.186761	0.104495	0.104495	0.161822	0.167688	0.147707	0.156619	0.191731	0.182269	0.115759	0.111073	0.178173	0.178173	0.186761	0.197292	0.197292	0.186761
/work/03137/kyclark/martintay/fasta/150424Tho_D15_2976_2.fa	0.149777	0.149777	0.167688	0.170926	0.182269	0.182269	0.186761	0.182269	0.191731	0.191731	0.130979	0.132399	0.136948	0.126974	0.124491	0.12827	0.0299949	0	0.147707	0.147707	0.136948	0.140258	0.203604	0.191731	0.130979	0.140258	0.161822	0.156619	0.174408	0.167688	0.186761	0.210897	0.167688	0.161822	0.178173	0.164662	0.167688	0.159146	0.161822	0.161822	0.140258	0.142009	0.174408	0.161822	0.219531	0.210897	0.170926	0.164662	0.164662	0.164662	0.105264	0.111073	0.101551	0.102997	0.170926	0.161822	0.126974	0.140258	0.170926	0.178173	0.154223	0.159146	0.167688	0.174408	0.159146	0.149777	0.159146	0.170926	0.174408	0.191731	0.170926	0.174408	0.161822	0.164662	0.161822	0.170926	0.170926	0.186761	0.0898429	0.0898429	0.178173	0.174408	0.182269	0.186761	0.182269	0.170926	0.0943778	0.0962153	0.210897	0.203604	0.174408	0.186761	0.164662	0.164662	0.136948	0.140258	0.191731	0.186761	0.167688	0.167688	0.178173	0.170926	0.140258	0.136948	0.182269	0.186761	0.23011	0.23011	0.178173	0.156619	0.164662	0.167688	0.130979	0.129604	0.170926	0.182269	0.106047	0.106845	0.170926	0.178173	0.149777	0.161822	0.203604	0.197292	0.112887	0.107658	0.186761	0.178173	0.178173	0.186761	0.186761	0.186761
/work/03137/kyclark/martintay/fasta/150424Tho_D15_2977_1.fa	0.159146	0.151946	0.186761	0.178173	0.182269	0.164662	0.210897	0.210897	0.186761	0.186761	0.132399	0.133864	0.130979	0.1233	0.124491	0.13538	0.140258	0.147707	0	0.0300913	0.140258	0.138572	0.161822	0.178173	0.140258	0.142009	0.149777	0.147707	0.151946	0.170926	0.154223	0.191731	0.161822	0.186761	0.167688	0.174408	0.167688	0.178173	0.156619	0.159146	0.13538	0.138572	0.151946	0.140258	0.191731	0.210897	0.191731	0.178173	0.164662	0.174408	0.126974	0.133864	0.12827	0.133864	0.1233	0.129604	0.100846	0.105264	0.178173	0.191731	0.14383	0.145727	0.147707	0.164662	0.154223	0.156619	0.164662	0.182269	0.161822	0.182269	0.167688	0.182269	0.159146	0.161822	0.149777	0.154223	0.145727	0.161822	0.142009	0.142009	0.191731	0.191731	0.186761	0.182269	0.186761	0.178173	0.133864	0.132399	0.210897	0.203604	0.203604	0.197292	0.210897	0.203604	0.154223	0.156619	0.210897	0.203604	0.219531	0.219531	0.186761	0.191731	0.164662	0.161822	0.197292	0.203604	0.243761	0.23011	0.191731	0.191731	0.182269	0.182269	0.0949813	0.0937829	0.197292	0.174408	0.142009	0.147707	0.191731	0.182269	0.161822	0.149777	0.23011	0.263022	0.140258	0.13538	0.210897	0.203604	0.191731	0.197292	0.186761	0.197292
/work/03137/kyclark/martintay/fasta/150424Tho_D15_2977_2.fa	0.164662	0.159146	0.186761	0.174408	0.178173	0.164662	0.203604	0.203604	0.186761	0.191731	0.140258	0.13538	0.142009	0.132399	0.132399	0.132399	0.14383	0.147707	0.0300913	0	0.147707	0.13538	0.197292	0.170926	0.142009	0.136948	0.161822	0.154223	0.170926	0.161822	0.170926	0.170926	0.174408	0.182269	0.178173	0.147707	0.186761	0.167688	0.174408	0.159146	0.140258	0.149777	0.170926	0.151946	0.23011	0.243761	0.210897	0.182269	0.186761	0.182269	0.132399	0.140258	0.14383	0.138572	0.13538	0.126974	0.10374	0.108487	0.182269	0.191731	0.147707	0.161822	0.174408	0.161822	0.167688	0.161822	0.174408	0.182269	0.174408	0.174408	0.174408	0.174408	0.156619	0.159146	0.186761	0.164662	0.159146	0.161822	0.147707	0.138572	0.197292	0.191731	0.191731	0.186761	0.182269	0.186761	0.13538	0.13538	0.210897	0.203604	0.210897	0.203604	0.191731	0.186761	0.159146	0.159146	0.23011	0.210897	0.219531	0.219531	0.191731	0.191731	0.167688	0.167688	0.210897	0.210897	0.243761	0.243761	0.197292	0.203604	0.191731	0.191731	0.0955937	0.0949813	0.191731	0.178173	0.145727	0.147707	0.186761	0.178173	0.167688	0.151946	0.219531	0.263022	0.14383	0.136948	0.219531	0.203604	0.191731	0.197292	0.191731	0.197292
/work/03137/kyclark/martintay/fasta/150424Tho_D15_2978_1.fa	0.154223	0.159146	0.154223	0.149777	0.170926	0.167688	0.170926	0.178173	0.174408	0.186761	0.12827	0.129604	0.136948	0.136948	0.130979	0.12827	0.1233	0.136948	0.140258	0.147707	0	0.0279555	0.161822	0.159146	0.130979	0.126974	0.151946	0.159146	0.147707	0.156619	0.170926	0.191731	0.178173	0.170926	0.151946	0.154223	0.159146	0.156619	0.170926	0.164662	0.14383	0.147707	0.197292	0.174408	0.203604	0.203604	0.174408	0.156619	0.182269	0.174408	0.145727	0.159146	0.13538	0.130979	0.136948	0.13538	0.124491	0.129604	0.142009	0.159146	0.164662	0.167688	0.170926	0.182269	0.164662	0.164662	0.161822	0.161822	0.182269	0.178173	0.170926	0.174408	0.156619	0.147707	0.159146	0.170926	0.151946	0.161822	0.125715	0.129604	0.178173	0.178173	0.159146	0.161822	0.170926	0.170926	0.12101	0.12214	0.164662	0.167688	0.167688	0.170926	0.159146	0.164662	0.14383	0.14383	0.197292	0.203604	0.170926	0.170926	0.167688	0.170926	0.142009	0.147707	0.182269	0.191731	0.210897	0.210897	0.174408	0.159146	0.178173	0.174408	0.124491	0.12214	0.156619	0.156619	0.140258	0.138572	0.161822	0.170926	0.115759	0.115759	0.191731	0.182269	0.159146	0.154223	0.191731	0.197292	0.156619	0.161822	0.182269	0.170926
/work/03137/kyclark/martintay/fasta/150424Tho_D15_2978_2.fa	0.151946	0.154223	0.151946	0.149777	0.164662	0.170926	0.167688	0.167688	0.174408	0.182269	0.136948	0.133864	0.133864	0.142009	0.129604	0.12214	0.124491	0.140258	0.138572	0.13538	0.0279555	0	0.164662	0.161822	0.130979	0.124491	0.159146	0.159146	0.161822	0.159146	0.191731	0.182269	0.170926	0.186761	0.156619	0.149777	0.161822	0.159146	0.182269	0.164662	0.14383	0.142009	0.182269	0.174408	0.210897	0.191731	0.182269	0.149777	0.197292	0.178173	0.159146	0.154223	0.136948	0.124491	0.142009	0.133864	0.129604	0.132399	0.145727	0.161822	0.170926	0.174408	0.174408	0.170926	0.178173	0.164662	0.159146	0.161822	0.197292	0.167688	0.182269	0.167688	0.161822	0.154223	0.174408	0.178173	0.164662	0.164662	0.129604	0.12827	0.174408	0.178173	0.159146	0.156619	0.178173	0.174408	0.119909	0.12214	0.161822	0.164662	0.156619	0.159146	0.156619	0.159146	0.145727	0.149777	0.182269	0.191731	0.174408	0.174408	0.164662	0.167688	0.142009	0.147707	0.178173	0.186761	0.203604	0.203604	0.170926	0.154223	0.164662	0.174408	0.12214	0.119909	0.149777	0.151946	0.136948	0.136948	0.161822	0.161822	0.111073	0.111073	0.191731	0.182269	0.151946	0.147707	0.178173	0.182269	0.159146	0.159146	0.178173	0.170926
/work/03137/kyclark/martintay/fasta/150424Tho_D15_2979_1.fa	0.219531	0.219531	0.219531	0.23011	0.197292	0.191731	0.203604	0.203604	0.203604	0.210897	0.178173	0.174408	0.161822	0.159146	0.170926	0.182269	0.178173	0.203604	0.161822	0.197292	0.161822	0.164662	0	0.0302852	0.161822	0.161822	0.197292	0.197292	0.164662	0.182269	0.174408	0.191731	0.182269	0.186761	0.170926	0.178173	0.197292	0.23011	0.186761	0.197292	0.178173	0.178173	0.182269	0.170926	0.170926	0.174408	0.154223	0.164662	0.186761	0.210897	0.167688	0.182269	0.164662	0.174408	0.170926	0.182269	0.186761	0.197292	0.170926	0.182269	0.186761	0.191731	0.191731	0.186761	0.186761	0.191731	0.182269	0.197292	0.203604	0.219531	0.170926	0.182269	0.164662	0.186761	0.178173	0.191731	0.161822	0.182269	0.186761	0.182269	0.203604	0.197292	0.174408	0.186761	0.203604	0.219531	0.210897	0.186761	0.186761	0.197292	0.174408	0.182269	0.219531	0.210897	0.210897	0.219531	0.203604	0.197292	0.191731	0.191731	0.203604	0.203604	0.210897	0.23011	0.203604	0.197292	0.203604	0.203604	0.203604	0.210897	0.219531	0.23011	0.219531	0.210897	0.191731	0.191731	0.191731	0.191731	0.243761	0.243761	0.182269	0.182269	0.219531	0.203604	0.219531	0.210897	0.186761	0.191731	0.11676	0.115759	0.191731	0.210897
/work/03137/kyclark/martintay/fasta/150424Tho_D15_2979_2.fa	0.210897	0.219531	0.219531	0.219531	0.197292	0.191731	0.197292	0.203604	0.191731	0.203604	0.164662	0.170926	0.170926	0.161822	0.170926	0.167688	0.174408	0.191731	0.178173	0.170926	0.159146	0.161822	0.0302852	0	0.170926	0.154223	0.186761	0.186761	0.170926	0.161822	0.170926	0.161822	0.174408	0.174408	0.167688	0.164662	0.210897	0.197292	0.197292	0.174408	0.182269	0.186761	0.191731	0.178173	0.178173	0.182269	0.156619	0.164662	0.219531	0.23011	0.170926	0.186761	0.164662	0.159146	0.197292	0.167688	0.186761	0.174408	0.174408	0.174408	0.186761	0.182269	0.191731	0.203604	0.186761	0.203604	0.186761	0.219531	0.203604	0.23011	0.159146	0.178173	0.170926	0.191731	0.210897	0.186761	0.170926	0.174408	0.186761	0.182269	0.203604	0.191731	0.174408	0.191731	0.203604	0.219531	0.210897	0.182269	0.186761	0.197292	0.178173	0.186761	0.219531	0.210897	0.203604	0.219531	0.210897	0.203604	0.197292	0.186761	0.197292	0.203604	0.203604	0.219531	0.203604	0.203604	0.197292	0.203604	0.203604	0.210897	0.23011	0.23011	0.210897	0.203604	0.191731	0.197292	0.186761	0.191731	0.243761	0.243761	0.186761	0.186761	0.210897	0.197292	0.210897	0.203604	0.191731	0.203604	0.117785	0.11676	0.203604	0.219531
/work/03137/kyclark/martintay/fasta/150424Tho_D15_2980_1.fa	0.1233	0.12214	0.12827	0.125715	0.167688	0.164662	0.129604	0.130979	0.149777	0.147707	0.129604	0.125715	0.12101	0.1233	0.117785	0.1233	0.132399	0.130979	0.140258	0.142009	0.130979	0.130979	0.161822	0.170926	0	0.0299949	0.129604	0.129604	0.161822	0.164662	0.161822	0.178173	0.161822	0.174408	0.170926	0.156619	0.170926	0.170926	0.154223	0.156619	0.12827	0.13538	0.167688	0.156619	0.174408	0.186761	0.159146	0.156619	0.154223	0.167688	0.140258	0.161822	0.14383	0.14383	0.161822	0.167688	0.133864	0.136948	0.130979	0.140258	0.129604	0.133864	0.133864	0.140258	0.136948	0.138572	0.130979	0.136948	0.161822	0.167688	0.170926	0.191731	0.149777	0.149777	0.154223	0.154223	0.147707	0.161822	0.126974	0.125715	0.156619	0.164662	0.156619	0.145727	0.140258	0.140258	0.119909	0.119909	0.151946	0.138572	0.14383	0.140258	0.13538	0.140258	0.133864	0.12827	0.170926	0.156619	0.151946	0.149777	0.124491	0.132399	0.133864	0.138572	0.164662	0.170926	0.197292	0.203604	0.13538	0.132399	0.145727	0.145727	0.117785	0.12101	0.154223	0.154223	0.138572	0.136948	0.1233	0.1233	0.133864	0.138572	0.178173	0.178173	0.147707	0.14383	0.136948	0.145727	0.147707	0.149777	0.149777	0.151946
